15
0 0 0 80 82 0 0 0 0 0 0 0 0 0 47 
0 0 0 0 0 0 91 0 0 71 41 92 0 0 0 
0 0 0 0 48 0 0 0 0 0 0 37 0 0 0 
80 0 0 0 0 85 0 0 0 0 0 85 0 0 0 
82 0 48 0 0 0 0 80 0 0 38 54 0 17 72 
0 0 0 85 0 0 0 0 0 98 32 0 34 0 80 
0 91 0 0 0 0 0 24 0 14 97 0 0 0 0 
0 0 0 0 80 0 24 0 31 0 0 0 0 0 0 
0 0 0 0 0 0 0 31 0 0 29 0 95 4 0 
0 71 0 0 0 98 14 0 0 0 0 53 29 0 60 
0 41 0 0 38 32 97 0 29 0 0 0 0 0 0 
0 92 37 85 54 0 0 0 0 53 0 0 0 0 0 
0 0 0 0 0 34 0 0 95 29 0 0 0 73 94 
0 0 0 0 17 0 0 0 4 0 0 0 73 0 0 
47 0 0 0 72 80 0 0 0 60 0 0 94 0 0 
