17
0 81 0 58 0 21 0 0 0 0 0 38 0 45 0 80 0 
81 0 0 0 0 21 0 0 0 0 0 0 0 0 0 0 0 
0 0 0 0 7 0 0 0 0 0 48 0 0 0 0 82 0 
58 0 0 0 0 0 45 0 0 0 0 0 72 0 0 16 67 
0 0 7 0 0 0 0 0 0 54 0 0 0 64 0 0 0 
21 21 0 0 0 0 0 0 44 0 69 0 90 0 0 12 92 
0 0 0 45 0 0 0 0 46 0 0 0 6 0 0 0 83 
0 0 0 0 0 0 0 0 56 0 0 0 0 82 0 0 0 
0 0 0 0 0 44 46 56 0 0 0 0 73 52 0 44 0 
0 0 0 0 54 0 0 0 0 0 0 0 0 0 25 0 86 
0 0 48 0 0 69 0 0 0 0 0 0 0 0 52 30 87 
38 0 0 0 0 0 0 0 0 0 0 0 0 83 0 0 0 
0 0 0 72 0 90 6 0 73 0 0 0 0 0 4 0 0 
45 0 0 0 64 0 0 82 52 0 0 83 0 0 0 0 0 
0 0 0 0 0 0 0 0 0 25 52 0 4 0 0 0 0 
80 0 82 16 0 12 0 0 44 0 30 0 0 0 0 0 0 
0 0 0 67 0 92 83 0 0 86 87 0 0 0 0 0 0 
