16
0 69 0 0 0 0 78 0 0 0 0 0 24 0 30 0 
69 0 0 0 0 0 55 0 0 0 0 0 0 0 61 90 
0 0 0 71 76 0 0 0 0 0 73 0 0 0 35 0 
0 0 71 0 15 0 90 13 6 0 0 82 0 13 26 52 
0 0 76 15 0 34 0 54 34 23 0 0 0 0 72 84 
0 0 0 0 34 0 0 51 0 0 0 0 0 0 0 10 
78 55 0 90 0 0 0 0 2 0 0 43 54 0 0 0 
0 0 0 13 54 51 0 0 0 82 0 0 74 0 0 0 
0 0 0 6 34 0 2 0 0 0 14 0 75 0 76 64 
0 0 0 0 23 0 0 82 0 0 0 0 79 0 0 0 
0 0 73 0 0 0 0 0 14 0 0 79 0 17 0 0 
0 0 0 82 0 0 43 0 0 0 79 0 0 0 57 0 
24 0 0 0 0 0 54 74 75 79 0 0 0 0 22 0 
0 0 0 13 0 0 0 0 0 0 17 0 0 0 32 0 
30 61 35 26 72 0 0 0 76 0 0 57 22 32 0 0 
0 90 0 52 84 10 0 0 64 0 0 0 0 0 0 0 
